00000000000000000000000000000000000000000000000000000000000000000000000000000000
00000000000000000000000000000000000000000000000000000000000000000000000000000000
00000000000000000000000000000000000000000000000000000000000000000000000000000000
00000000000000000000000000000000000000000000000000000000000000000000000000000000
00000000000000000000100000001000000000000000000000000000000000000000000000000000
00000000000000000011011000110110000000000000000000000000000000000000000000000000
00000000000000000000011000110000000000000000000000000000000000000000000000000000
00000000000000000000000101000000000000000000000000000000000000000000000000000000
00000000000000001000010101010000100000000000000000000000000000000000000000000000
00000000000000011100000101000001110000000000000000000000000000000000000000000000
00000000000000010000010101010000010000000000000000000000000000000000000000000000
00000000000000000100100101001001000000000000000000000000000000000000000000000000
00000000000000000110001101100011000000000000000000000000000000000000000000000000
00000000000000010000000101000000010000000000000000000000000000000000000000000000
00000000000000010000001101100000010000000000000000000000000000000000000000000000
00000000000000000000000000000000000000000000000000000000000000000000000000000000
00000000000000000000000000000000000000000000000000000000000000000000000000000000
00000000000000000000000000000000000000000000000000000000000000000000000000000000
00000000000000000000000000000000000000000000000000000000000000000000000000000000
00000000000000000000000000000000000000000000000000000000000000000000000000000000
00000000000000000000000000000000000000000000000000000000000000000000000000000000
00000000000000000000000000000000000000000000000000000000000000000000000000000000
00000000000000000000000000000000000000000000000000000000000000000000000000000000
00000000000000000000000000000000000000000000000000000000000000000000000000000000
00000000000000000000000000000000000000000000000000000000000000000000000000000000
