00000000000000000000000000000000000000000000000000000000000000000000000000000000
00000000000000000000000000000000000000000000000000000000000000000000000000000000
00000000000000000000000000000000000000000000000000000000000000000000000000000000
00000000000000000000000000000000000000000000000000000000000000000000000000000000
00000000000000000000000000000000000001111000000000000000000000000000000000000000
00000000000000011000000000000000000001001000000000000000000000000000000000000000
00000000000000100100000000000000000111001110000000000000000000000000000000000000
00000000000001000010000000000000000100000010000000000000000000000000000000000000
00000000000010000001000000000000000100000010000000000000000000000000000000000000
00000000000010000001000000000000000111001110000000000000000000000000000000000000
00000000000001000010000000000000000001001000000000000000000000000000000000000000
00000000000000100100000000000000000001111000000000000000000000000000000000000000
00000000000000011000000000000000000000000000000000000000000000000000000000000000
00000000000000000000000000000000000000000000000000000000011011111100000000000000
00000000000000000000000000000000000000000000000000000000011011111100000000000000
00000000000000000000000000000000000000000000000000000000011000000000000000000000
00000000000000000000000000000000000000000000000000000000011000001100000000000000
00000000000000000000000000000000000000000000000000000000011000001100000000000000
00000000000000000000000001100000000000000000000000000000011000001100000000000000
00000000000000000000000110011000000000000000000000000000000000001100000000000000
00000000000000000000000100001000000000000000000000000000011111101100000000000000
00000000000000000000000010010000000000000000000000000000011111101100000000000000
00000000000000000000001010010100000000000000000000000000000000000000000000000000
00000000000000000000001100001100000000000000000000000000000000000000000000000000
00000000000000000000000000000000000000000000000000000000000000000000000000000000
