00000000000000000000000111000000000001110000000000000000000000000000000000000000
00000000000000000000001000100000000010001000000000000000000000000000000000000000
00000000000000000000011000010000000100001100000000000000000000000000000000000000
00000000000000000000101011011000001101101010000000000000000000000000000000000000
00000000000000000001101000010110110100001011000000000000000000000000000000000000
00000000000000000010000100010010100100010000100000000000000000000000000000000000
00000000000000000000000000000010100000000000000000000000000000000000000000000000
00000000000000000011000000011010101100000001100000000000000000000000000000000000
00000000000000000000000000000010100000000000000000000000000000000000000000000000
00000000000000000000000011100000000011100000000000000000000000000000000000000000
00000000000000000000000010001000000000100000000000000000000000000000000000000000
00000000000000000000000010100001110000000000000000000000000000000000000000000000
00000000000000000000000000000010010000110000000000000000000000000000000000000000
00000000000000000000000000000000010000000000000000000000000000000000000000000000
00000000000000000000000000000100010000000000000000000000000000000000000000000000
00000000000000000000000000000100010000000000000000000000000000000000000000000000
00000000000000000000000000000000010000000000000000000000000000000000000000000000
00000000000000000000000000000010100000000000000000000000000000000000000000000000
00000000000000000000000000000000000000000000000000000000000000000000000000000000
00000000000000000000000000000000000000000000000000000000000000000000000000000000
00000000000000000000000000000000000000000000000000000000000000000000000000000000
00000000000000000000000000000000000000000000000000000000000000000000000000000000
00000000000000000000000000000000000000000000000000000000000000000000000000000000
00000000000000000000000000000000000000000000000000000000000000000000000000000000
00000000000000000000000000000000000000000000000000000000000000000000000000000000
